	Rhodobactercapsulatus	Bradyrhizobiumjaponicum	Thiobacillusdenitrificans	Methylococcuscapsulatus	Oscillatorialimnetica	Nostocsp.	Thermosynechococcuselongatus	Synechocystissp.	Schizosaccharomycespombe	Musmusculus	Canisfamiliaris	Homosapiens	Bacillusanthracis	Enterococcusfaecalis	Bacillusthuringiensis	Bostaurus	Xenopuslaevis	Staphylococcusaureus
Rhodobactercapsulatus	0.0	149.86	187.34	213.58	452.24	451.07	449.34	474.12	751.77	805.82	808.67	817.39	663.04	672.39	577.27	835.61	790.86	591.13
Bradyrhizobiumjaponicum	149.86	0.0	196.32	222.57	461.23	460.06	458.33	483.11	760.76	814.81	817.65	826.38	672.03	681.37	586.25	844.59	799.85	600.12
Thiobacillusdenitrificans	187.34	196.32	0.0	160.81	399.47	398.3	396.57	421.35	699.0	753.05	755.89	764.62	610.27	619.62	524.5	782.83	738.09	538.36
Methylococcuscapsulatus	213.58	222.57	160.81	0.0	357.16	355.98	354.25	379.03	656.68	710.73	713.58	722.3	567.96	577.3	482.18	740.52	695.77	496.05
Oscillatorialimnetica	452.24	461.23	399.47	357.16	0.0	176.62	281.79	306.57	713.66	767.71	770.56	779.28	624.94	634.28	539.16	797.5	752.75	553.02
Nostocsp.	451.07	460.06	398.3	355.98	176.62	0.0	280.62	305.4	712.49	766.54	769.38	778.11	623.76	633.1	537.98	796.32	751.58	551.85
Thermosynechococcuselongatus	449.34	458.33	396.57	354.25	281.79	280.62	0.0	194.42	710.76	764.81	767.65	776.37	622.03	631.37	536.25	794.59	749.85	550.12
Synechocystissp.	474.12	483.11	421.35	379.03	306.57	305.4	194.42	0.0	735.54	789.59	792.43	801.15	646.81	656.15	561.03	819.37	774.63	574.9
Schizosaccharomycespombe	751.77	760.76	699.0	656.68	713.66	712.49	710.76	735.54	0.0	369.33	372.18	380.9	702.15	711.49	616.37	399.12	354.37	445.49
Musmusculus	805.82	814.81	753.05	710.73	767.71	766.54	764.81	789.59	369.33	0.0	62.75	71.48	756.2	765.54	670.42	89.69	150.92	499.54
Canisfamiliaris	808.67	817.65	755.89	713.58	770.56	769.38	767.65	792.43	372.18	62.75	0.0	37.79	759.04	768.39	673.27	56.01	153.76	502.38
Homosapiens	817.39	826.38	764.62	722.3	779.28	778.11	776.37	801.15	380.9	71.48	37.79	0.0	767.77	777.11	681.99	47.88	162.48	511.11
Bacillusanthracis	663.04	672.03	610.27	567.96	624.94	623.76	622.03	646.81	702.15	756.2	759.04	767.77	0.0	266.8	346.7	785.99	741.24	541.51
Enterococcusfaecalis	672.39	681.37	619.62	577.3	634.28	633.1	631.37	656.15	711.49	765.54	768.39	777.11	266.8	0.0	356.04	795.33	750.58	550.85
Bacillusthuringiensis	577.27	586.25	524.5	482.18	539.16	537.98	536.25	561.03	616.37	670.42	673.27	681.99	346.7	356.04	0.0	700.21	655.46	455.73
Bostaurus	835.61	844.59	782.83	740.52	797.5	796.32	794.59	819.37	399.12	89.69	56.01	47.88	785.99	795.33	700.21	0.0	180.7	529.32
Xenopuslaevis	790.86	799.85	738.09	695.77	752.75	751.58	749.85	774.63	354.37	150.92	153.76	162.48	741.24	750.58	655.46	180.7	0.0	484.58
Staphylococcusaureus	591.13	600.12	538.36	496.05	553.02	551.85	550.12	574.9	445.49	499.54	502.38	511.11	541.51	550.85	455.73	529.32	484.58	0.0
