	Rhodobactercapsulatus	Bradyrhizobiumjaponicum	Thiobacillusdenitrificans	Methylococcuscapsulatus	Oscillatorialimnetica	Nostocsp.	Thermosynechococcuselongatus	Synechocystissp.	Schizosaccharomycespombe	Musmusculus	Canisfamiliaris	Homosapiens	Bacillusanthracis	Enterococcusfaecalis	Bacillusthuringiensis	Bostaurus	Xenopuslaevis	Staphylococcusaureus
Rhodobactercapsulatus	1.0	0.3938	0.4466	0.4676	0.874	0.8659	0.9445	1.033	1.8955	1.7993	1.7123	1.7123	1.5993	1.7518	1.576	1.7379	1.7993	1.7775
Bradyrhizobiumjaponicum	0.3938	1.0	0.4882	0.4752	0.8481	0.8377	0.9103	0.9383	1.7868	1.8301	1.8301	1.8146	1.764	1.6946	1.6016	1.795	1.8618	1.8297
Thiobacillusdenitrificans	0.4466	0.4882	1.0	0.382	0.825	0.7953	0.9017	0.9299	2.077	1.8018	1.8171	1.8171	1.7518	1.7543	1.5172	1.8589	1.8806	1.7804
Methylococcuscapsulatus	0.4676	0.4752	0.382	1.0	0.8031	0.8061	0.84	0.8721	2.0174	1.8458	1.8458	1.7843	1.6946	1.6171	1.566	1.7379	1.8781	1.7148
Oscillatorialimnetica	0.874	0.8481	0.825	0.8031	1.0	0.4686	0.6151	0.7097	1.981	1.7354	1.7943	1.7943	1.6223	1.5816	1.5439	1.728	1.8095	1.8177
Nostocsp.	0.8659	0.8377	0.7953	0.8061	0.4686	1.0	0.5831	0.6563	2.0149	1.6773	1.7047	1.7187	1.6461	1.6983	1.5913	1.5706	1.691	1.6991
Thermosynechococcuselongatus	0.9445	0.9103	0.9017	0.84	0.6151	0.5831	1.0	0.5337	1.8401	1.522	1.5455	1.5575	1.6251	1.537	1.5581	1.4991	1.6723	1.7222
Synechocystissp.	1.033	0.9383	0.9299	0.8721	0.7097	0.6563	0.5337	1.0	2.0075	1.6431	1.6431	1.6431	1.7337	1.6492	1.6068	1.6229	1.6971	1.7689
Schizosaccharomycespombe	1.8955	1.7868	2.077	2.0174	1.981	2.0149	1.8401	2.0075	1.0	1.0337	1.015	1.0337	2.0921	1.9924	1.9154	1.1536	1.0264	2.0049
Musmusculus	1.7993	1.8301	1.8018	1.8458	1.7354	1.6773	1.522	1.6431	1.0337	1.0	0.1304	0.1354	1.918	2.1324	1.9249	0.2224	0.3369	1.9752
Canisfamiliaris	1.7123	1.8301	1.8171	1.8458	1.7943	1.7047	1.5455	1.6431	1.015	0.1304	1.0	0.0858	1.918	2.1324	1.8718	0.1481	0.3151	1.9752
Homosapiens	1.7123	1.8146	1.8171	1.7843	1.7943	1.7187	1.5575	1.6431	1.0337	0.1354	0.0858	1.0	1.9357	2.1768	1.8718	0.1384	0.3182	1.8952
Bacillusanthracis	1.5993	1.764	1.7518	1.6946	1.6223	1.6461	1.6251	1.7337	2.0921	1.918	1.918	1.9357	1.0	0.9014	1.0436	1.9079	2.049	1.3138
Enterococcusfaecalis	1.7518	1.6946	1.7543	1.6171	1.5816	1.6983	1.537	1.6492	1.9924	2.1324	2.1324	2.1768	0.9014	1.0	1.1168	2.1531	2.1998	1.4368
Bacillusthuringiensis	1.576	1.6016	1.5172	1.566	1.5439	1.5913	1.5581	1.6068	1.9154	1.9249	1.8718	1.8718	1.0436	1.1168	1.0	1.8556	1.9249	1.4038
Bostaurus	1.7379	1.795	1.8589	1.7379	1.728	1.5706	1.4991	1.6229	1.1536	0.2224	0.1481	0.1384	1.9079	2.1531	1.8556	1.0	0.3649	1.8133
Xenopuslaevis	1.7993	1.8618	1.8806	1.8781	1.8095	1.691	1.6723	1.6971	1.0264	0.3369	0.3151	0.3182	2.049	2.1998	1.9249	0.3649	1.0	2.0398
Staphylococcusaureus	1.7775	1.8297	1.7804	1.7148	1.8177	1.6991	1.7222	1.7689	2.0049	1.9752	1.9752	1.8952	1.3138	1.4368	1.4038	1.8133	2.0398	1.0
