	Rhodobactercapsulatus	Bradyrhizobiumjaponicum	Thiobacillusdenitrificans	Methylococcuscapsulatus	Oscillatorialimnetica	Nostocsp.	Thermosynechococcuselongatus	Synechocystissp.	Schizosaccharomycespombe	Musmusculus	Canisfamiliaris	Homosapiens	Bacillusanthracis	Enterococcusfaecalis	Bacillusthuringiensis	Bostaurus	Xenopuslaevis	Staphylococcusaureus
Rhodobactercapsulatus	0.0	0.3938	0.4726	0.4555	0.8545	0.834	0.8761	0.9383	1.9404	1.7888	1.7799	1.7766	1.6925	1.7006	1.6042	1.7594	1.8413	1.7781
Bradyrhizobiumjaponicum	0.3938	0.0	0.4833	0.4662	0.8652	0.8447	0.8868	0.949	1.9511	1.7995	1.7906	1.7873	1.7032	1.7113	1.6149	1.7701	1.852	1.7887
Thiobacillusdenitrificans	0.4726	0.4833	0.0	0.382	0.8594	0.8388	0.881	0.9432	1.9453	1.7937	1.7847	1.7815	1.6973	1.7055	1.6091	1.7643	1.8462	1.7829
Methylococcuscapsulatus	0.4555	0.4662	0.382	0.0	0.8423	0.8217	0.8639	0.9261	1.9282	1.7766	1.7676	1.7644	1.6802	1.6883	1.592	1.7472	1.8291	1.7658
Oscillatorialimnetica	0.8545	0.8652	0.8594	0.8423	0.0	0.4686	0.6202	0.6824	1.8738	1.7222	1.7133	1.71	1.6259	1.634	1.5377	1.6928	1.7747	1.7115
Nostocsp.	0.834	0.8447	0.8388	0.8217	0.4686	0.0	0.5997	0.6619	1.8532	1.7017	1.6927	1.6895	1.6053	1.6134	1.5171	1.6723	1.7542	1.6909
Thermosynechococcuselongatus	0.8761	0.8868	0.881	0.8639	0.6202	0.5997	0.0	0.5337	1.8954	1.7438	1.7349	1.7316	1.6475	1.6556	1.5592	1.7144	1.7963	1.733
Synechocystissp.	0.9383	0.949	0.9432	0.9261	0.6824	0.6619	0.5337	0.0	1.9576	1.806	1.7971	1.7938	1.7097	1.7178	1.6214	1.7766	1.8585	1.7952
Schizosaccharomycespombe	1.9404	1.9511	1.9453	1.9282	1.8738	1.8532	1.8954	1.9576	0.0	1.0413	1.0324	1.0291	2.0291	2.0372	1.9408	1.0119	1.0938	2.1147
Musmusculus	1.7888	1.7995	1.7937	1.7766	1.7222	1.7017	1.7438	1.806	1.0413	0.0	0.1345	0.1313	1.8775	1.8856	1.7893	0.1881	0.3632	1.9631
Canisfamiliaris	1.7799	1.7906	1.7847	1.7676	1.7133	1.6927	1.7349	1.7971	1.0324	0.1345	0.0	0.0858	1.8685	1.8767	1.7803	0.1792	0.3542	1.9541
Homosapiens	1.7766	1.7873	1.7815	1.7644	1.71	1.6895	1.7316	1.7938	1.0291	0.1313	0.0858	0.0	1.8653	1.8734	1.7771	0.1759	0.351	1.9509
Bacillusanthracis	1.6925	1.7032	1.6973	1.6802	1.6259	1.6053	1.6475	1.7097	2.0291	1.8775	1.8685	1.8653	0.0	0.9014	1.0762	1.8481	1.93	1.4316
Enterococcusfaecalis	1.7006	1.7113	1.7055	1.6883	1.634	1.6134	1.6556	1.7178	2.0372	1.8856	1.8767	1.8734	0.9014	0.0	1.0843	1.8562	1.9381	1.4398
Bacillusthuringiensis	1.6042	1.6149	1.6091	1.592	1.5377	1.5171	1.5592	1.6214	1.9408	1.7893	1.7803	1.7771	1.0762	1.0843	0.0	1.7599	1.8418	1.3434
Bostaurus	1.7594	1.7701	1.7643	1.7472	1.6928	1.6723	1.7144	1.7766	1.0119	0.1881	0.1792	0.1759	1.8481	1.8562	1.7599	0.0	0.3338	1.9337
Xenopuslaevis	1.8413	1.852	1.8462	1.8291	1.7747	1.7542	1.7963	1.8585	1.0938	0.3632	0.3542	0.351	1.93	1.9381	1.8418	0.3338	0.0	2.0156
Staphylococcusaureus	1.7781	1.7887	1.7829	1.7658	1.7115	1.6909	1.733	1.7952	2.1147	1.9631	1.9541	1.9509	1.4316	1.4398	1.3434	1.9337	2.0156	0.0
